# oST version 5.0 parameters


[image]

width
640

height
488

[narrow_stereo]

camera matrix
581.819161 0.000000 308.185433
0.000000 581.204630 241.323859
0.000000 0.000000 1.000000

distortion
-0.052383 0.028827 -0.000357 0.000730 0.000000

rectification
1.000000 0.000000 0.000000
0.000000 1.000000 0.000000
0.000000 0.000000 1.000000

projection
573.103271 0.000000 307.846024 0.000000
0.000000 575.103882 240.674911 0.000000
0.000000 0.000000 1.000000 0.000000

