# oST version 5.0 parameters


[image]

width
640

height
480

[narrow_stereo]

camera matrix
522.953575 0.000000 328.124415
0.000000 522.543565 245.542274
0.000000 0.000000 1.000000

distortion
0.028932 -0.079080 0.005091 0.003955 0.000000

rectification
1.000000 0.000000 0.000000
0.000000 1.000000 0.000000
0.000000 0.000000 1.000000

projection
522.146790 0.000000 330.252488 0.000000
0.000000 523.401062 246.920031 0.000000
0.000000 0.000000 1.000000 0.000000

